INDEX VERBORUM.

   
    
   
   
   
 
    
  
    
   
    
   
  
   
    
   
    
   

maehum 147, 15. macule} 115, 27 magnitudini 172, 6. 285, 12. 322, 1,

048, 14. 153, 19. maculam 217, 6. 266,187, 1. 277, 15 majori 132, 6.227,17.

102, 28 6 magnitudinis 105, 12. 261, 4.

machus 147,4,26. madens 223, 21 127, 18.139, 15. majoribus, avis, 143,

18, 5, 8. 131, 1211113115, 20 150, 2, 5 12. 160, 16. 233,

52, 16, 23. 153, magicas 5, 9. 269, 5 magnitudo 8,9. 12 ..7,1. 6. 268, 9

. 154, 2. 158,)9. magis 4‚5. 10,24. 17, 129,15, ,3,275, 300, majoris 35,15. 51,23.

1, 21 ’ 21.19,4. 20, 11. 8 70, 9. 9353. 259,

22, 21, 28. 29,11. magno 67, 19. 70, 15. 8

M. 42, 56 95, 3. 97, 6104, majorum, avorum, 85,
magis,abl.1,6,9 125, 14 105,7. 107,1o. 13. 89, 16.110,3.

’ ·. Acedonas75, 6.dat.17,4.29,11 112, 10. 113, 16. 126,17. 127, 17.

22.107,18. magt ster 231, 13 128, 2. 143, 11
- 120,1.131, magistrati ’011528 ,.17 39, magnos 133, 11 majusgfi, 24.37, 2669,
1³0.161,2. 222, 3, 14.42,25.184,21. magnum 6, 17. 78, 2.127,15.139,4
,234. 8, 20 256, 10 22.140,18.184,19. mala,subst 45,12. 53,
edones 103, 4. magistratui 32, 21, 23 281, 8. 292, 10. 297, 7. 155, 1.1700, ...
07,13,26.124,14. magistratus,plur 43,2. 3 294, 18
9,5. 143,19. 144, 166, 17. 321, 11 magnus 67,16.147,21. male 25, 14.. 53, 9,
« creatur 199, 8 166, 21. 290,4. 320, 12. 247,21, 252,1.
60111274, 11. 76, magistri 15 6, 27 20. 325, 1 maleficiis* 282,11
125,29.129,17, m. gistros 100, 13 mago 15,17. 16, 6,7 Malei 170,2

-.ς 126, 1. 145,14. 11113111,α[1ί.7,8 63,14.Μ.130 163, 15.164,2. Maleum 170,10
-·6, 6. 235,5. abl. 68, 13. 74, 11. 75, 171,19.172, 1 11111160, 24 30, 3,

ἰ, 12 28. 81, 1. 95, 3. magorum 17, 12. 125, 156,8. 158 ,2. 127,
ssdoniae 73,23. 74, 102, 8. 122, 17. 9 13
75.,5,7 76, 9. 77, 153, 11. 156, 4. magos 16, 2 111163οἒ 56, 31

³. 78, 23, 24. 80, 245, 2. 293, 15 magum 15,1 malmt 155, 27

81, 18. 82, 2911113100 67, 16. 70, 6,11123113 13,4. 16, 8 malis 47,21.43,7.57‚
‚5521 167, 5 maJestas 82, 4.. 94,2 21. 61, 13. 174, 8.
,adoniam 25, 22.m2gn1m59,20.106,7.131, 19. 206, 5 192, 15

»,29. 83, 3. 85, 255,4.286,1,19 majestate 41, 4. 82, 11121117 ,14.151,12
5. 115,5,26. 134, 1112311256, 8. 69,19. 133 14149, 20. 243, 1111110 93, 7.152, 12
ὁ. 135, 18, 22. 4. 136, 4. 154513· 20 mallent 51, 7. 84, 3.
13,2,17. 146,10. 160,7.170,11 255, majestatem 51‚7. 139, 130, 15
ςῙ, 13. 153,2 193 319, 5 13.147,4.1S7,2‚m310, nomen, 57, 149.
jdoni‘ nus, dat 75,111131ιί 22, 12. 24., 3ο. 210, 13. 284, 14 197, 10
39⁴9. 88, 25 ,96 ,15 77,19.104,23 155, maJestati 12, 1. 95, 2. male-rum 79, 16
4,11,20. 130,7. 7, 16 139,12.140,101,2.6 300,11. Maltinum 281,5. 282,
, 2 9. 143,16.145, 3 majestatis4,2.15,9.83‚ 2
donici 149, 12. nmgmfica 154,15 4. 93, 19. 94, 16. Maltinos 280, 16
;1,12. 232,2.233, magnificae,plur. 19, 2 major 6,10. 33,13.57, maluerit 193, 16
255, 7 magnificentia 91, 2. 5,18. 63,13.66,4. 11121υὲ16111108, 18
‚idon cis 114, 13 ablat. 178, 1. 206, 68, 27. 92,29. 101, maluit 153, 11· φῇς
’ donico 228, 17.17 2 1112111111 127, 6. 154, 2.
7, 13, 286, 4 magnificentiam 104,9. majora 26,6.39,1. 45, 189, 2. 208,8.226,
donicum 230, 2. 114, 20 27. 85, 27. 284, 3. 238,12
v‘cl-,1 , 9. 255, 5. magn: ficem ior 92, 32 23 ’ malunt 324,2 ..1
donis 77, 19 m {nifieentiora 121, 8 major-e 23,23. 32, 7. m? mma 122, 14
donum73,21. 87, magnis· 31, 9. 50, 4. 36, 914920 ... 52,2 ... 11111111111323, 18
.89,2.97,7,11.111, 2. 126, 2. 89, 2 m2nabant287, 19
ο, 20. 106, 3,4. 179, 10 majorem 27,4,. 32, 26. manabat 199, 13
1, 14. 123, 12.1111311111κΞΞ11091,1.106, 34,20.101,10.106, mandare 68, 4
j⁴> ³·13 129, 21 27- 107, 13- 119, 22. 107, 22. 130, mandasse 87, 19
{lo 185, 9 22.127, 12. 143, 12 11121163601156, 13.
maret& 2951219 147, 19 majores spiritus 12131- 1111ηά;11 202,4
(11212 est 8296, 7 magnitudin m 5,.4. 40, untur 72 mandata 126, 24. 169,
( 4¹ 319,8 6. 74, 14.107, 14 majores, ..z-w, 98, 22. 20, 137, 9. 240, 3.
’ ’ἔξω

