INDEX VERBORUM,

6ὶῆῃὶὶέὶέ 230, 2 dix-isso 107, 2‚17 133, 1 docuit 327, 20 domibus 21, 12.66,21
distuli 9, 18 (111116011οἩ6 151, documenta 24, 27. 40, 156, 8. 223, 17.·
(1112188,3 5. 160,Ι 9. 292, 1 7, 42, 18 (1011110211184, 8

 

ditia, acc. 242, 7 dwifime m 149, 12. Dodonaei jovis 112,11. dominatione 63 ,4,149
ditionem 26, 9. 272, 155, 2.182,.7 268, - 160 4 18
2 304, 30 11 doleant 131,12 dominationem 63, 33
dumis 60, 19 dwifi smt 257, 6 doleat 118, 4. 311, 10 184, 15. 201,· ’17
ditior 197, 12. 218, divifis 204, 3. 297,2 (1010620596, 6. 158,4. 214, 10. 246,4“ ,
10 (1916113232, 9 204, 30. 223,16 (10111ἱ11211011181,19
di nores 184 8 divififfent 107,12. 133, dolebat 249, 15 dominationis 5, 5. ‘60
(3111811112 ,fr’n 3 25, 4 4 dol end1 fuerant 165, 7 24. 68,16. 895}
di& 19, 9. 32, 2³:- 44, dw1s1t42, 24. 43, 3. nolendum 1317 155,29. 293,18’”
23. 4,621. 51 ,9. 61, 111, 3 dole ntes 126,23. 305,8 domini,plur. 60,6. ger
15 .67, ,7, ,20, 72,0 8 ‚diviso 23, 20. 38,4.47,d01eret 293, 20 166, 2. 329,1
78, 17 - ,26 95, 9 (1011529, 27 dominis 63,18.156,1(·.1
3. 113,5. 122,11. (11010102 268, 10. 288, dolo 36‚9. 41,7. 65,5. 165, 17. 221, 2(Ἰ
124, 24. 138, 2. ‘ 16.290, 13 167, 13. 169, 21. 314, 4 . ζ
14.3,22 155, 3. 161, divites 59, 4. 81, 8. 217,13 dommo 16, 24. 166·
10 32419 dolor 86,12.3,11 7 15 ² ⁴
(5² eer tux 197, 15 divitiae 11, 8. 43, 5. dolore 9,17,19. 33 19. dominorum 25‚- ,ΗΕ
(ἣν Γ fm 45 ,.5 92, 324, 6 72,12. 94,19. 125, ¹ 165, 17. 166, 3(
3 :meu 93,1. 277, divitiarum 21, 20. 92, 17. 213, 13. 311, 174, 12 ⁴
21 ,310. 9. abl. 103, 20. 99,26. 103, 2. 51. dominos 25,3. 166‚:
2 104, 7. 129, 10. dolorem 13,17. 89,12' 321, 2 .
d} s· 1ῑὲ 145, 2. 146, 285, 9. luxuria, 208, 2 dominum166,7.189,3
ί) Justinzzs‚ 38, 5 doloris 111, 11 324, 24
diverfm 286, 17 divitia-³ 8,1.33,4. 180, doluerit 32, 12 dominus 33, 9. 276
ἂένετιῗυυῑη 253, 7 16 doluisse 91, 20 24
dia-ers. 96, 2v 230, 2 divitiis 209, 19 doluit 120, 5 « domita 244, 11. man
(Εἰ-κῶς 3820. 78,29. divitum 43, 14. 155, dolum 15‚7.29‚29.32, suetudine 150, 3
270, 10 2 22. 40, 3. 82, 28. domitarum gentium 9c
d3=1ersp 179, 1. 233, divortio 294, 10 135, 12. 210, 1 17
⁴ 20 diutinam 275, 2 dolus 9, 36. 201, 25. domitas 267, 12
diversum 241, 6 (110111Υ1111ὲ 20, 15 280, 9 domiti 254, 4
dives 187, 20 diuturni 190, 23 domari 327, 19 dom1t1555.1.1‚7. 115
dividebwnt 32, 15 divulgaretur115, 27 ‚domesticafflbh 24,21. 115,16. 204, 2
divioantur 143. 6. divulgzt 145, 8 217, 18. neut. 201, domitores 142, 27
148, 19. 302, 7 divulgat& 307,3 , 23. 294, 25 domitus est 147, 2ο fi
diffideretur 182, 5 divulgatur192,9 domesticae, gen. 115, 3. 143, 11 ,
(110(ὶ1 73, 19 dixerat 94, 11. 243, 188,10.282,7. plur. domo, nomen. 23,2. 78 ,
dividit 85, 19. 99, 20154- 4 8- 99, 24.162
18. 114, 18. 131, ὀὶκέι-(2 318, 7 dome sticasz98 0.,1 327, 10. 180,9. 184, r9
29.142,27. 277, dixerim 67,12 19 14
12 dmf'e 212 8. 285, 3 dorne stieis 56, 27. 221, domos 123,17.135,3'
dividuntur45 , 5. 98, (1110173, 10. 104,,4 16. 236, 3. 247, 2. 202, 27 7
d νῗέῖ 6„ 7 Ξὲ ,16099171ἓοῖῑῇ {⁶Z'0152283'1' ²³⁶’d0332r22 ¹⁷⁰² ²⁰³
‘⁴ · > · ἡ) · · 2 >
divinis 58, 17 243, 14. 255, 1. domestico 320, 29 domuerint 204, 12
divin itatis 105 ,15 312, 11 demesticorum 283, 16 domuerit 88, 32
d}- ino 315,1 docebat 179, 22. 185, domesticos 302, 1 domuisse 308, 4
dx vm ›s 45,9. 140, 18. 12 ἀυωείὶὶεωῃῇυᾶἰεεω 32 domuit 25, 22.272, 2.
308, 10 docent 300, 19 10 304, 7.‹ 329,4
divmum 158, 18 (1081101 160, 16 domi 17,12. 22,21. 32 domum 23, 25. 36,2ο.,«
(11166142, 2 ,.3 7, 24. es- (106ὶο10 127, 26 12. 24,35.30,1.32, 41,1ο. 44, 2ο.ι 58,
se t 51,13 doeffn'naabl. 22, 5. 82, 10.63,10. 5637.60, 1. 141, 14.143,15.,
divis erat290, 11 15. nom. 73, 3 «23. 82, 20. 170, 1. 180,6.214,13. 269, xv.
divis* er e 245, 7 (1080109111 179, 21 173, 13. 180, 24. 17. 313, 3. 320, 1.
diviserunt 210, 16 docuere 26, 12., 190, 20, 21 ’ ’ 327, 1 “

domus

