  
   
 

INDEXVERBORUM.

‘egi’ verb, 107‚2,32g‚ regffnas 104, 4 regnavit 7,5. 14,3. 27, reliaae forent 61, ,9 ,
2 regio 64,5. 326,3 2.28,15. 30,7.75,9. 1011812111 effe 205, 12ι
regi, nomen, 9, 8. 17, regiO, abl. 9,8.92, 18. 92,17. 101,27.143, 10116123 53, ¹9· ¹3· =

13. 31, 26. 32, 19. 110,2. 115,19.143‚ 22. 256, 6 21

34,4. 42, 10. 93, 23. 183, 16. 279,8. regni 6, 10, 15. 8,,9. 101ὶὸὶὶ fuerant 209, 5
13. 115, 22. 122, 288, 29. 290, 19. 11,1.13,5.14,3.16, 10116ὶί3 25,2.31,21.6« ’
0.,19211111 ..lawr 3. ⁶. 2·1‚z.⁷.>5⁷12¹⁷³:72‚222: 111.» egre:
19· 148,7, 11. 152, 16021· 217Ῑ>ῙῙ·3Ο9> 75) 3· 7823, 25,27. Jo- 3042 52 8 ¹ ⁵
6. 153, 17. 186, 6. 1 79,16.83,7. 85,18, 1011ἃο 5, 11. 20, 2 =

204,15. 216,10 regionem 166‚10. 210, ⁷ 26,28.87,15.91,21. 123,5. 146,10.16: '

regia, αιῇεὲῖ.65,1.222, 16 94,20. 106, 10, 11, 10. 165, 2,8. 21· A
16 regiones 132, 10. 196, 23 12

10312,[ιιρ1ἰαηι. 197,26. 12. 276,24 regno 6, 19. 9, 14. reli&os 174, 19. et ι
230, 5. 288, 20. regioni 27, 2 16, 10, 18. 23, 28. 194, 14 Ἴ
ablat. 222, 28. 264, regionibus 2ο, 2. 101, 24, 25, 29. 30,16,. renerum 210, 28. ft
15 14. 132, 14. 157,4. 31,21. 32,3,29.33, .290,6. fit 241, 1

regiae, adjeff. dat. 12, 271, 2· 276, 10 5. 41, 9, 13 rehstus 68,11.113,1ι
1.95,2.101,27.277, regionis 77> 13· 136, fssgnfflum 231> 2-,306, 137214· 235‚2·24=
21. genitiv. 83, 3. 17· 271,10 . 20 19. 287, 25. 29:
:109‚24.117,3. 118, regionum 20,3. 157,7. regnum 7, 16. 8,6. 9, 14. 309, 15
11.131,21.152,10, 321,2 24. 10‚25. 11, 10. religio 191, 18

:12. 231, 16. 249,4, regis, nomen, 8, 16. 12,24. 15,5,11. 17, religione 15,20. 30,2
259‚10‚plur, 33, 6, 9, 3, 17,23. 10, 10. 2,8. 22,26. 24, 25, 43,25. 142,10.17‹

254‚1 15,5,9, 15, 19. 17, 32. 27,8. 28,4. 31, 3. 184, 17. 270,1;
regiam,substant. 7, 18. 7, 18. 22, 19. 25, 21,24.32,2. 36 23. 292, 15

16‚1‚ 15, 41‚5‚ 93, 16. 28,8,9,12. 32, 37, 2. 231, 22 religionem 88,10.26,Ἰ

16. 94,21. 129,3ο. 27. 34, 2, 15, 26. regreditur 9, 34. 238, 1. 270, 9

131,2. 249,11 36, 20. 37, 2, 25. 5 religiones 55, 8
πο312π1,αιζ]ἐξῖ. 56, 31. 38,2. 39, 27. 41, regreffus 179, 13 religioni 16, 13. 17<

80,7. 114,20. 135, 4,12. 51, 6. 56, 12, regum 20, 20. 21, 2. 26. 205, 21

6. 139, 15. 147, 4. 14. 57, 2. 61, 22. 28, 18. 68, 26. 74, religionibus 102, 1

218,8. 232, 2. 292, 66, 9. 67, 18. 68, 15. 75, 12. 84, 7. religionis 14, 13. 4: Ι

4. vitam 11, 15 1, 19. 74, 1. 75, 91,1. 109,24. 111, 19. 81, 26. 119,;’
regiarum 114, 17 21, 24 11. 114, 12. 121,4. 170,24. 184,1.20:
regias 15,14.2 147,7 regium 67, 9. 109, 144,18.147,7. 1542 12. 268,7. 318, 8
regibus 17, 6. 42, 25. 13. 119, 15. 124, 18. 156, 21 religionum 82,1. 285 ζ

75,6. 82,28. 104,8. 24. 200, 9. 235, 2. rei 13, 14. 53, 12. 11
⁷ 114, 13. 119, 21. 288, 30 55, 6. 67, 7. 77, 3. religiose 75, 1

129,21. 160, 6 regna 4, 6. 19, 6. 24, 82,14.101,13. 143, 1011310603 295, 2,’
regii,gen.8,19,21.144, 4. 32, 15. 55, 11. 19. 153, 13. 155,3. relinquat 36, 25 3.

4. plur. 23, 1 76, 2. 82, 3. 93,6. 191, 19. 206, 10. relinquatur 114, 3: ,A
regiis impensis aluerit 107,3.109,16. 119, 207,2. 213,3. 229, relinquenda fuerit 194 2³

66, 13 ” 10. 127,16. 13ο,8. 16. 241,25. 249,9. 15 · · Ἰ
regina 13, 3. 14, 1. 133,3. 137,5. 211, militaris 247, 19 relinquendam 245,9 1

24,31. 36, 12. 114, 9, 11 rei, plur. 89, 23 relinquerent 47, 2 ·

2. 119, 15. 151, 2. regnabat 287, 8 reipublicae 28, 16. relinqueret 116, 10 ¹

287, 9. 293, 24. regnante 78, 24 29,8. 34,8.v 42, 24. 27, 2. 159,21. 182 Δ

ablat. 23,27. 24, 6. regnare 93, 6. 275, 43,3. 62,2. 72, 16, 14 ⁷ ,

32,5. 169,18. 268, 17 ’ 18 relinqueretur 131, 1c

4 regnaret 183, 18 relata effent 239, 14. 282, 13
regix-agen. 6, 14. 13, regn-'asse 74, 8. 137,6. ’ fuerit 277, 16 relinqui 127, 5

16.24,1,13.119,10. 314, 7 relatis 43, 25 relinquit 99, 14. 287

dat. 13, 10. 169, regnssffet 92,16. 184, relatum 327, 1. est 24 1

15.288,13.plm·.23. 10 212, 8 relinquuntur 85, 2 i

19 . regnaturum 14, 10. relaturum 239, 6 reliqua 168, 13. 31οἰ

308, 17 regnan-'erunt 10, ,26 reneca 35,24. 214,26 reliquae 23, 2 5ν Ι

1031112111 201, 15, 23. 101, 13 relatus 72, 6 11 ,1
ε’0119031ῑ

