     
    
    
     
    
    
    
       
     
  
      
     
  
   
      
   

INDEX VERBORUM.
qmpei‘fls298‚10.Tro- 11. 63, 27. 96, 10. portentum 157, 6 posseffionem 105, 223
‘Jiss'gus 281, 13 119, 17. 153, 16, porticibus 184,13.322, 119, 2 “
222- 88, 13 155, 10. 156, 4. 4 pofl‘effiones 243, 7
flffitur88, 11 175, 11. 184, 31, portio 74, 8. 106, 10. pczffi·ffio1]i5103,11.135‘,⁴
«ο dere 97, 6. 104, 193, 16. 222, 18, 203, 13, 14. 205, 3. 282, 19

Α 14. 207, 11. 264, 20. 226, 7 9. 207, 29. 269, 2, pcfi'effum 286, 22
11 l popqlis 5, 3. 74, 6, 326, 2 possessuri 100, 6

nuderis 104, 23, 293, 116, 12. 172, 15, perticus 35, 3 peffessums 113, 1

'13 266, 13 portionem 56, 20. 64, pza‘Yet 13, 4. 35, 4.'
j 0250, 13. bis. populo 1'0, 1. 16, 12. 4-75, 5. 8ι7,21.,88, 37,9. 62,10. 64, 7.
ndns 129, 8. 209, 17, 17. 29, 12. 30, 21. 124,13.220,15 79,6. 81,5. 102, 5.

11. 322, 14 242, 4. 43, 1. 48, portionibus 182, 5 144, 24. 146, 19,
ὀ11ὲ, ρνιερἷ5, 23 1. 57, 2, 6. 69, 4. portu 162, 11 147, 15
endam 88> 9 73> 19· 73> 19· 92, P02't11m 29, 25· 1732 Μ 28724· 300ss
fiere 252, 2 7· 94, 1. 20 poffidebat 150, 6

3⁰³3 75, 13 populorum 23, 6. 27, portusstng. 193, 14 postidea: 275, η, 231,

onit 10, 13 4. 95, 7. 98,ss 216, Porus 119, 21. 120, 4. 21
ons 108, 2 16. 283,4. 300, 11 poscebat 239, 4 Ροῗιίἀεηκῑε 175, 8
’ῥῃῑε 25, 19 populus 4, 9. 5, 8. poscentem 283, 1 psffidesc 2327 9
'‘ tem 37, 12 85, 6, 17. 102, 26. poscenti 105, 21. 291, posfint 122,4.141,10.
·nti 24, 16. 113,’16. 116, 5 10 133, 2·

154> 6 Populum 6, 6· 42, 18· POsCsmfflmS 67> Ῐ9 Ρ01Γέἷί 39> 11, 56, 25.
ntibus 33, 11 52, 10. 63, 34.’75, poscere 169, 16 191, 1, 15, 223,
&stica 235> ¹3 4 poscerent 305> 9 10.185, 25- 303217
ontici 132, 10 populus 4, 4. 74, 4. posceret 125, 17 possunt 90, 3, 4, 301,
enticis 252, 21 167, 7. 169, 11. poscit 71, 13 3
'ontico 274, 7 223, 5. 251, 2.273, pofita, neat. 201, 11. postes-3 9, 23. 13,8.15‚
onticum 20, 19. 297, 1. 274, 9. 275, ’6. faer‘fz. 325,4. est 101, 22. 107, 6. 109, 2
¹ 5 280,1.236,2.287, 9 139, 29, 149, 2,
sutis 37, 3 21. 288, 14. sub pofitae fint 190, 19, 26 164, 14, 237, 22
onto 21, 6. 251, 6 Corona venditur 259, pofitam 35,19. effefflo, 'posterssm 107, 2
entem 5, 2. 154, 11. 5 20 y p-Qstex} 7, 2
276, 21. 286, 27 porredsta 21, 5. 109, pofins 123, 2. 151, 3, posteris 121, 10, 133,
flunt 1772 17 —25 135> 23· 139, 29. ς.149, 10. 168, 9
⁴opilium 260,4 porrexit 126, 21 32¹5, Ι posteri „em 22, 3..
opilius 260, 1,, 5, 6 porrigere 196, 15. 520, pofifo 75, 23122, 1590601.) 10, 2
'opinis 185, 6 9 131, 19 pestere-rum 75,13.185,
'poscit 223, 24 pertigit 320, 10 pomum 101,12-, 26, est 9
..palabantur 258, 1 porrigitur 306, 23 ’205, 23 εἷτα-031 41, 17, 131,
'pulantur 47, 15 Ρο11020,17.31,24.45, poff: 7, 14. 15, 16. 26. 197, 1
pulares 159, 1. 287, 17.49, 18. 68, 23 21, 1. 32, 2. 36, 8. posthac 22, 16. 171, 1
[- 17 port& 101, ’16 39, 17. 45, 3. 47, 9.,Η9011011ἀο111 234, 7
⁴11>ularetur 205, 14 9010611252, 17 26.96,-11. 105,20. postquam 25, 9. 117,
ῐ19111911, nomen, 155, portae 204, 29. 321, 7 107, 2. 115, 5 7131, 25, 202217,
t 27 portam 202, 32. 214, ροῇῗεόἓςρῃῑ 113, 5 214, 20
phlaribus 216, 12 7. 237, 17 Ροῑὶὲὀξέίὲῑ 296, 12 ps? , f 74, Ὃ
,111112τί54, 3 q portantes 7, 13 ”” ’ ps mg , 1 109²
·pularium 75, 16. portarum 71, 22 1

182, 9. 222, 10.Ρο1135 86, 12. 99, 1.
314,8 210, 1. 221, 11.
w Ἇ2ύο11047,24.5’9, 321, 15

18. 100, 5. 205, 4„ portmdebat 127, 24. ἶ. [CF ψ 55 ὁ 4,
opulaticnem 154, 26 157, 3 γ , , μ, 32> 25
pulationis 47, 17 pertendere 191, 22. 1011..ἘΞ1 , „¹35 7, {yffi-‚5333 5) g* sigim
afflatur 59, 4- 154, 293, 7 15 s d.

. 0-

21. 229, 12 peneum S, 9.101, 19.
puli 15, 10, 22, 20.- 199, 13. 255, 7
ι 26, ’10. 42, 8. 57, port-enti 191, 13Ὶ

 

210, 240, 24. 293,

*ΞΒ ὃ. po- ⁷

