  
   
    
   
   
   
 
    
  
 
  
    
  
   
    

INDEX VERBORUM.

, 11911129, 29. 52, 324, 8 offerentis 28, 14 219, 14

‡ 21. 62, 23. 83, 11. Oceano 118, 17. 122, offerre 93, 3 omiffus 156, 11

· ὶ4, 21. ” 168, 25. 26. libamenta dedit offerrent 209, 8 omitto 142, 3

·. 183, 18. 184, 29. 123, 1 offerret 227, 10 onera 167, 20

170, 2. 277, 18. 0011194, 28 0610111288, 18 onerando 121, 7

ι acinus 15, 5 Ocho 94, 20 offert 17, 14. 30, 19. onerant 58, 17
ipata,abl. 30,6.44, Ochus 93, 15 106, 23. 186, 3 onerare 13, 13

16. nom. 296, 3 oetavo 129, 31 offertur 106, 10. 317, onerat 99, 15. 317, 1
ι, upatam 221, 19. 0610 23,35. 60,14.87, 13 oneratus effet 248, 4
;11, 3 10. 160,5. 279,11. offerunt 72, 1. 139,27 onere 49, 3

n: apaturam 192, 8 193, 26 officia 143, 4. 170,i0nus 223, 25

1192120 82, 21 0610000101 298, 2, 12 24. 173, 20. 188,8. onustam 31, 11. 205,

apati 36, 10. essent oecoginta 25, 20. 168, 209, 19 12
ι ,6, 15 13. 242, 11. 279, officii 56, 14. 88, 1. onustas 209, 15
1. upatis, abl. 91, 6. 3. 289, 24 92, 2. 305, 13 Onomarchus 81, 16
142, 8. 283, 9 001111202, 18 officiis 103, 9. 109, 13 090 84, 10. 198, 13
η ‚upato 12,6. 71,2,9. oculis 8, 15. 61, 17. officio 72, 11. 161, 11 090111 58, 20. 204, 34.
⁴ 9, 4. 149, 6, 17. 103, 8. 126, 28. officium 124, 15. 153, 207, 21. 294, 17

152, 2 167, 16. 237, 13. 17. 197, 19. 313,4 opera, nom. plur. 26, 6
. patum 289, 5 . devorare 285, 9 010126, 13. 324, 4 opera, abl. 56, 4. 57,
patur 214, 2 oculorum 7, 10. 183, olim 34, 29. 73, 14. 23. 64,17. 219‚25,

‚ . patus 62, 10. erat 2 Δ 83, 8. 125, 8, 12. 286,27. nom. 103,9
(320, 5. effet 215, oculos 58, 9. 59, 16. 168, 1. 280, 5, 7 operam 104, 20. 139,
· 15. fuiffet 77, 23 61, 3. 102, 21, Olympiaco 133, 11 26. civibus vendita..
³⁶, aupaverant 175, 9. 215, 9. 259, 2 Olympiade 90, 20. 91, bat 56, 35
2 .. 82, 15 oculum 79, 21 17. 126, 4. 135, 8. opere 43, 9
1193νὲ121 34,7. 137, oderant 179, 8 144, 10. 146, 17 operi 39, 12. 272, 21.
1 21. 145, 15. 154, 3. odia 92, 26. 131, 4 Olympiadem 79, 12. 281, 15
³202, 2 odii 55, 14. 103, 2 91, 19. 105, 14, operiebantur 120, 12.
1119117010 23, 5, 23. odiis 71, 2. 188, 3. 143, 3, 20 operiri 125, 2. 135,
3 151, 16. 81, 8. 82, 213, 16. 297, 19 Olympiadi 82, 23 25. 237, 17

. ·..136, 23 odio 84, 1. 92, 25. Olympiadis 79, 15. 85, operis 93,11. 281, 12.
eupaverint 227, 6. 98, 26. 115, 19 25. 92, 12. 112, 7. 298, 13. 313, 7,

ῚιΙ1360, 7 odiorum 285, 3 145, 9 323, 2

,1 :cupaveris 241, 9 odisse 240, 14 Olympias 91, 27, 31. operosius 282, 18
0191701001210, 3 odium 9, 17. 55, 12. 205, 11. 127, 13. opes 12, 8. 33, 6.

; 0119271150, 20. 74, 98, 6. 117, 23. 135, 19. 143, 16, 42, 15. 55, 19. 66,

i, 15. 89, 21. 102, 137, 11 23. 1144, 8, 15 19. 69, 1. 86, 7.

,ε 13. 153, 4. 194, Oenanthe 231, 19 0171119101 127, 25 88, 3

ς’ ,1 ’ offenden'xt 9, 21 Olympio 76, 24 opibus 23, 20. 59, 2.

1 ’1011901 262, 3 offendisset 37, 13. Olympum 77, 13 88,6. 159,15. 166,

ri 1001120167, 16 149, 21 Olynthiis 77, 21 30. 167, 19. 185,

1001100301 118, 2 offendit 117, 5 Olynthios 83, 4 16. 191, 1, 26
,· :currentibus 144, 18 offensa, subst. abl. 51, Olynthum 37, 26 opimam 205, 11. 209,
ocurrere '202, 30. 26. 280, 1. nom. omen 127, 20, 26 16

³4 290, 2 59, 10. 221, 1 ominati sunt 238, 3 opinati fuerint 116, z

2 currerent 300, 23 offensae, subst. 28, 5. 01111110 168, 10. 215, 7 0911110 115, 26. 210,

q curreret 229,16,297, 205, 21. 249, 3 ominibus 178, 11 7. 243, 1

{g 6· ' offensam 159, 6. 161, 01111εὲ10 23, 9 0911110110 97, 10. 119,

gs, eurrifl‘e207, 26 2. 194, 10. 264, 17 0101001001 302, 16 24. 206, 29. 238,

5] ccurrit 114, 6. “ 204, offenfi,plural. 235, 4. omissa ablat. 125, 7. 15. 303, 2. 307, 2.

9. 205, 14. 210, 305, 10 130, 26. 178, 20. 325, 19

ςΔ 26. 244, 16 ’ offenfis 189,24. 263,1 236, 8. 272, 16. opinionem 82, 21.

⁴ 0011110111. 10, 19. 71, offensus 14, 6. 249, efl'et 154, 8. est 136, 25. 169, 10.

.·. ἶ 23. 88, 20. 108, ¹5 14 136, 18 196, 15

{5 ccursum est 137, 221v offerebatur 218, 17 omiflis 46, 20. 103, 9. opinionis 196, 26254,
)ceani 122, 19. 124, offerentem 204, 10 227,9. 320, 10 Q ’ ’

27. 319,11. 323,4[. offerentes 204, 18 . omiffo 25, 7.. 77, 7. 0910199, 16. 218, 16

