INDEX VERBORUM.

       

versam 194, 9 ’ 251, 7. se dei se- vexatione 305, 9 107, 15.134‚13
versatur 278, 6 quntum 119, 4. ut vexatum 126, 4. esse vietae, gen. 103, 5 j
versetur 109, 24 per vestigia · 10001ἰο 98, 16 viefflm 277, 12. 282,Ι
varst, plur. 214, 27. rum sac.- ati ejus no- vexatus 311, 24 11
258, 10 mirus favor quaer-e Vexoris5‚ 1. 22,17 viffizg, 12. 31, 1. 3431,ἑῖ
τ’ίέιὶἱὸιις 29, 12 1·,01ιιι’ Alssxandr1,v1,abl.55, 23. 173, 21. 3,6 18. 48,5. 51, ‘s'
{efficacem 703 17 109,15 16.206,14·217‚ 11. 53³ ¹3· 552 24. f
νο1115216,13 vestigium94,19, 151, 14. 22 1, 15. 275, 63, 5. 69, 2. 84, 24 ’44
verso 161, 12. 288, 7 15. 28 3, 15. 293, 97, 27. 180, 2. 191, 44
verffiuffigfl 5 5 ἷξὲἶεὶὸῗφ6288ῥ32 ιιιῐὲ57301 306, 24 ἓξὲξ 2254 6ἶοΔὲ {g- 2}
vers1‘1561, 19 324,16 7 rom- 300 15 vxae 10, 2. plur. 37, 21 se,nt53 7. forent 75, ’.ιῖ
vassus 117, 14. 222, νει ”num 21, 15 γιι9 23 16 ,.14 63, 27. fuerant 69, 13. ἵ
23 252,13.effetvestra53,1142,19 25. 108, 4. 190, 3. fu²1ffent75, 25. sunt
293, 15 vest1i,gen 141, 25 214, 19, 241,1 55, 23. 170, 2. gen. ..3
vertentes 97, 20 vest1·is,dat 34, 30 -ιιε206,25 107,27.174,11. ·
verterant 46, 21 abl.142, 13 0116305, 14 254,
verterat 149, 17. 155, vestros 142, 19 w'ce 5, 13. 70, 21. viffima1142, 16
...3312 212, 27 ἷὲἓίῗέἓ-ἳῖ ἔξ ¹³ ..331⁹;{³‚1¹5⁵2⁶22²,‚ 15 {131233233022
verterent 37, 6 vetera 78, 24. 98, 5 Vice utiam 181,1 vietis 12 ,.7 55,17. 63,·
verteretur 43, 7 v teeram 51,14 vicera nt 196, 2.205‚ 13, 17. 69, 22. 79,
vertssrunt150,10.201,vete1ams1155.123, 11 5. 88, 27. 93, 9.
16 21 vicerat 114, 25. 276, 1 98, 8. 154, 16. 174,
veni 139, 15 veteranorum 123, 22. vicerint 275, 13 7.191,16.192,4.
vertice 209, 15 124, v1cer1sz419 310, 1. 320, 15.
1016091, 15. 117,17. veteranos 100,13 vicn rit 10, 9. 127, 14. 321, 24
136,3.142,11.144, vetere 98, 10. 104, 142, 26. 147, 20.vi&o 12, 2. 135, 1.
1. 184, 8. 205, 20. 26. 223, 10 325, 6 192, 10. 198, 18. “
206, 15 veterem4,.7 143,11. vicerunt 65, 4.163, 219, 11. 241, 10.
vertitur 22‚26. 150, 254,11. 264,17 5. 178, 24 243, 7. 246, 2.
9. 192, 11. 210, veteres28, 5. 44, 27. vices90‚ 22. 114, 19 254, 15. 255, 1.
26. 294,15. 311, 5 85, 14. 286, 21 vicibus 23, 21 298, 8, 14. 302,
vertuntur 129, 5. &581 3¹3² 8. 323, 2 vicinae, gen. 116,01 16. 10. 304, 29 ι
16. 79, 10. 98, 5. veteriz31, 2. 234, 2. plur. 308, view 32, 11. 37, 3.
10,1.9 115, 7. 116, 266, 8 vicinalibus 300, 61 58,3.65,2. 109,17.
7.119,4.124,11.veter1bus44,25 282‚vici11i49, 21 117, 20. 121, 17.
130,6. 193, 5. 324, 25 vie1n1s 168, 26. 318, 3 135 5 138, 3. 154,
3, 5. etiarn 26, 5. veteris 103, 10. 136, vicinitas 50, 10 2.. 156, 15. 163, 4. 4
49, 16, 17. 55, 7. 25. 144, 21. 166, vicinitate 296, 19 205, 17. 213, 7. 218, ·
60,0 2. ’62, 19. 72, 24.221, 1 vicino 143, 9. 213, 26. 254,12. 284,3. 4
11.77, 11 veterrimaezoz, 13 1. 326, 4 288,29.290,4.295, 4
10 escenubus 16, 14 ve ‚erum 97, 21. 103, vicinorum 195,13 11. 303, 11
ιιε-Γει172,19.327,20 3. 281, 7 vicinos 149, 9 016101090,14..142,1.Δ
ιεὶειιιιιιιι 21 16. 301, vetus 228 ,.19 233,17 vicinum 88, 27. 238, 243, 7. 309, 19
13 vetustati 19, 9. 21, 2. 12 victorem 10,24.30,15. ¹
vespe1a167, 19 42, 7 vicisse 38, 9. 31, 18. 61,3.63‚15.89,10.
vespere 237, 17 vetustatem 175,159, 11. 299, 16. 128,7.158,17.174,
vesperi41, 5 vetustatis 19, 19 301, 6 7. 192, 15. 198,16.
veste 10,19.16‚ 1.43‚vetusti,gen. 63, 19 vicissent 73, 9 215, 12. 219, 3.

6. 52-,8.77,2. 144,vetustiffimam 89, 6 vicisset 29, 26. 64, 247,15.282,6.311,
11 16,24. 156 21. vetustiffimus 326,16 — 20. 247, 19. 295,3 3

196, 6 203, 5 vexabatur 165,2 viciflnn 215, 3 viE‘cores 22,16. 34,12,
ι’» estem 115, 15. 179, vexat 189, 2 vicit89‚10.101,.4 112,18‚55, 21. 68, 22,
25. 282, 13 vexatarum 157, 7 3. 130, 15. 314, 20. 69, 23. 75,“25.80,
vestes 13021 vexati, plur. 165, 8. 304, 20. 324, 25 7· 81, 18. 82, 13-
vestigia 172, 5. 175, 222, 21.270,15.vic10 108, 21 98,25.145,4. 165,
10. 226, 4. 250, 5. 300, 1 xiCta,fim. 293, 25. acc. 15

vianti

