INDEX VERBORUM.

ξτενιὲε, ada 13 17. 39, h b nti 220, 7. 298. habu& e 19, 4 24, 24 Hammone 106,3. 12

  

15.4.4,8.174,14. 14 26,15.115,18. 25 ,
283,1. 301,1·0. αιζὶ. habentibus 21, 14. 42, 149, 11. 178, 16 Hammonem 105, 9
213 13. 151, 6 15. 115, 2 “ habuerint 32, 14. 285, Hammonis 105, ἃ
. gregariam 187,12 habere 24, 10. 4120. 4 131, 23 ' ’
glegarii, gen. 56, 4. 73,10.75,2.107,3.11.16ι.1011ῖ 124, 8. 167, hanc 46‚11.56,14.5j
plur. 289, 24 109, 10.131,1·139> 22. 313, 10 29, 3.3 66 5, 11. 82
gregario 132, 2 7. 168, 15. 187, 11. 616061·1111170,9. 126, 11. 83, 7. 90, 1*
91οο2η113325, 9 195, 2 14. 128, 3 91,12
gregatim 137, 13 haberent 44, 21. 46, habuiffe 32, 7. 33, 3, Hanno 181,6. 184,1 s
gregem 74, 14 10. 63, 7. 82, 17. 130, 10. 162,9 192,1 Α =
greges7,9.114,17. 147, 7. 180, 5. habuiffent 44, 21. 51, Hannone 173, 5
464, 15· 317, 6, 209,19.270,111.9 144214 Hann0n2m1932 13
15. 324, 4. 327, 12 haberentur 85,11. 196, habuissem), 23 32, 2 harioli8, 8
gregum3225, 13 20 129, 23. 240, 19 Harpag08, 15. 9,·14
gremio92,9. 202,34. haberet 34, 27. 152, habuit9, 30. 92, 1, Harpagum 10, 8
214, 9 18. 206,19. 286, 17. 101, 9, 16. Harp. ,9,1139, 17
grex 144, 5 12 · 104,1.6 115, 15. Harpalo 133, 23
Grypi 294, 16. 295, haberetur 76, 5. 94, 148, 8. 163, 8 harum 24, 30. 16
2.3 147, 3 hac 10, 21 14,1.36, 13
Gryp0292, 17. 293,4. habe ο1168, 17. 76,13. 22,.44 8. 57,12.11as61‚ 20. 139,2
295, 25 104,4. 107,1. 161, 75,14. 100,8. 103, 142, 16. 179, 2
Grypum 293, 6, 16 14. 284, 23. 290,4 8. 113, 1 240, 8
Grypus 293, 16, 21, habet 43, 16. 59, 5. haetenus 292, 18 Hasdrubal 172, 1
26. 294, 15, 22. 180, 16 hae 271, 8 317, 6. 328, 16
295, 4 habetur 82, 3. 267, Haemum 77, 13 Hasdrubale 172, 5
Gygi 12, 18 2. 326, 6 haeredc 275, 15. 296,Ῑ-Ι Hasdrubali 173, 5
Gylippus 52, 29, 24. Habide 327, 14 14 hasta 200, 4
53, 20 Habidis 327, 16 haeredem 32, 7. 75, hastae, gen. 148,1
ἓξὲζῆῗσῑέεζ 17 ’ ὴλὶέίξᾶξζῖξᾈὸ· Ῠ7823η 38·1Ξ77, 32324 ἷ2164112ἷ62ζν31ἶ8196,8
,, 2 v, . . . 2.
³ ὃ neut.126,96m hae1e11bus98‚1.39167, haud 51, 3. 96,
Η. habitabat 314, 5 3 127, 2. 327,1
habitare 63, 8 haereditaria 283, 1ηὸ secus 178, 9., 19
'jz‘ ,ζ’ Α602111258, 8, habitj 277, 2 haeredi »611123 273, 12
ἕ ‘⁴- 9. 301, 1. habitis 115 ,213 haereditarium 277, Ῐ15 hebetatae sunt, vir.
⁴ 321, 17 Iubmus 6, 5. ,9. 28, haeredi tas 94, 20 72,19
haheasssss, 2. 167, 22. 10. 29, 10. 52, 8. haereditate m 129, 20. He&0118 160, 9 .
206, 6. 234, 16 77, 1 ⁷ 269,13 11 dem. 119 5 ’
habebant 17, 24. 69, 1196110111Ἡβόβ 114,10, haeredi ’ω’ usp. 17, 3 Heleno 160 7. 162‚1
21.178, 20. 208, 12. 141, 26. part. 620101110522 9, 14 198, 4. 210, 24
9. 318, 7 284, 20 haercnnbus 32, 27 Helenum 212, 14
habebantur 196, 5st 237, habiturae fiet* 294, 5 haeres, nomen, 127, 10. Hellanicus 214, 11,
6. 327, 29 ha >ituros 113, 4. 115, 147,8. 273,1. 304, Hellesponti 58, 2.
habebat8,7.79,15.99, 29 6 157, 3 ’

18.116,15. 132,15. habiturum 70,226. 202, Halicarnnss‘ .,36 12 Heracleae 133, 2
141, 6. 207, 6. 16. 204, .260, He mile. .1· 173, 4. 186, 154, 3

 

261, ult. 10, 26 1. 10 8, 2, 7. 189, Heracleam 154, 11
he b batur 28, 18. 82, h1b} turus 75, 2. 785, 13 Heraclida 190,15
30.187,14..211, 28. 112 ,9. 22 mHe milon-c. ,10. 172 2, Heraclie enses 154,1 1¹
11. 319,Ιο 0111159,9.1122,27, ς. 1‘0 9. 1, 3 ,17 2,4 157,1
ha benda fit ..81 , 17 6 Hamixncm 185, 23. Ηο racliem‘xum 154‚2
hakendae 69, 7 habitushmrr. 73, 22.168,6.18,9 10.he1·ba 12 2, 24
haben. 2 59,16 78, 7 193,14,21. 328,13 Hercule 24‚10. 144‚.

he. b n: 26, 14 566, 2 Ξ1·6»1012.,1170,22. 154, Hammm 172, 11. 315, 3
176,’» 2. 2 57, 263, 27 188, 12 {ku-cavam 104,1ῖ
371, s 300 12 ,111161012111 ,3. 75, 3. mmmm-ir: 173, 14. 119,17. 127, ῑ
16, 1.), 321, 6 158, 1. 2115, 7 189, ,15. 329, 3 130, 4.. 203‚1 Ῑξ

n

,Η

0⁹3⁴
ἱ

