    
  
   
  
     
   
  
     
    
      
     
   

INDEX VERBORUM.³

unomen, 8, 5, 16. ituram 16, 23, 27ἲ 83, 15. 184, 27. 312, 10

6, 16. 52,19. 60, ituros 22, 24.. 39, 7. 216, 18 jurisjurandi 43,- 25.
,75,5. 141, 20 190217 juga 136, 27. 204, 1. 142, 13. 202, 6
Jenias 62, 24 jubeant 155, 27 251, 8 jus 31,20. 76,11. 83,
›se‘lss'zfisssss jubeat 141> 20 jugera 271, 4 11· 36> 3· 153> 12·
el'em 268, 9 jubebant 123, 23 jugo 149, 15 182, 3. 192, 19

ablat. 34, 4. 102, jubebantur 136, 18, jugum, servitutis, 73,Jusjurandum 44, 12.
,6. 171,2, 8. ac‘cus. 172, 21 23. 108,10.233,6. 202, 19
«4⁸ 3 3060611183, 19. 236, 282, 23. 329, 8.juff.³.,part. 149, 1
,ffleminz' s, 25,10.10.254‚12 Gordii 101, 12. jusserant 63, 34
03, 9, papulz, 251, jubebatur 136,14 plaust ri 102, 3 jusserat 209,14. 262,7.
.1 jubent 63, 7. 70, 7. jund‘ca, abl. 229, 11. 274, 4
anorum 87,14,16 130, 23. 178, 6. 184, 236, 8. fuerant 50, jusserit 9, 20 ἱ
5251, 3 25 17. fuit 17, 6 3οΓἓ10111 176,12. 189,
41010251, 4 jubentes 123, 25 junffim 309, 18 13, 247,15. 283,14
, am 251, 6 jubentur 45, 17. 101, junffi fuerant 70, 22 ι1061, plur. 12,8. 328,7
a, αὖ). 111 ,.9 112 23 jum-:tum 85, 24 juffis 29, 20. 327, 16
,12. 113,15. 125, juberent 277,14 jungebant 213,15 3οῗΓοῖο 240, 20
,,160 21.163,17.jubfflet 63 ,23. 148 ,.4 Jungendae209, 1 juffiffet 269, 10. 293,
·.'64,6. 177,8. 179, 223, 5. 260, 2. junge 010 202, 4 13. 322, 6. 326,21
. 196, 1. 198, 20, juberetur 320, 9 jungerent 89, 18 juffit 16,7. 42,22. 43,
99, 6 jubet 6,6. 10, 1, 14. jungi 153, 1. 188, 9. 4. 12, 24. 75, 13.
‹ae 49, 1, 12. 50, 14,1,7. 15,17. 17, 201, 21. 218, 30. 244, 22
²0. 162, 5. 177,6. 13, 19, 20, 11. 33, 280, 18 jusso 32, 23. 109, 3
ι 93,11.198,6. 199, 16, 37, 11. 41, 18, jungunt 88,·33 jussu 143, 20. 252, 2.
. 210,28. 226,13. 20, 22. 62,29. 70, junguntur 150, 12. 292, 15
27, 2 25. 77, 3. 81, 22. 174, 3. 168, 4 J'uffus 74, 12. 124, 20.
:.am 44, 24· 112, 87, 18. 88, 11. 90, junior 278, 13 141, 24. 149, 21.
,14. 159, 14, 20. 8. 103, 7. 105, 19 junioribus 123, 21 erat 74, 16. est 9,
475, 4, 8, 9. 180, jubetur 131, 23. 135, Juncnis 179, 27 27. 66, 21
(2, 23, 25. 183, 17. 25d junxerant 206, 20 J'usta,fem. 151, 8
’ ᾗ90, 16 jucunda 32, 13 ,4011κὲ10 88, 27 justae, gen. 177, 15
Jcae, gem 308,9 Jucundi 0 tem 174,15 junx& runt 311, 25 justam 109, 24
ici175‚6 Judae 268, 11 Junxisset 125,13 justior 172, 9
⁴micis 198, 8. 241,6 Judaeis 268, 3 junxit 27, 1. 134, 6. justiorem 152, 6
icoo 283, 2 Judaeorum298, 15 319, 3. 327, 19 justis, 121, 8. 221, 24
‘corum 237, 21 Judaeos 267,12 269,1 jura 42,14. 57,1. 77, justitia 21‚13.abl›at.
:effim 35, 5 270, 11. 272, 2 8. 243, 14. 258, 9 51, 2. 270, 13
1212, 4. 286, 7 300- dicabo 171,11 jurant 130, 19 ju stitiae 28,18. 83, 14.
³9> 29. 37, 6, 18. judi 01010561 ,.2 0245, 8301110 205,7 109, 23. 213, 2.
223, 6. 205, 20203, judicantibus 108 0, 22 jurastis 142, 9 287, 1. 313, 9
‚ judicarent 173,11 jurat 188, 13 justitiam 21, 19. 42,
ant 6, 25 Judz ce ,01 t 129,16 juratis viris 184, 2 19
1ῒᾶ 162,1.185,1ῑῡ’(1110 tum 139, 2 jure 19, 17. 25, 6. 32, justo 93, 14. 273, 2
atb, advmb, 57, 2.0 3010010533, 15 7,8. 39, 11,41,6. 277, 18
53,11.107,22.. 146, judice 91,16 51, 18. 82, 17. 92, justus 147, 8. 200, 9.
0 152,22.154,9.3οἀ10011132, 10. 83, 15 22 273, 6
(,63,13183,1.0 4110100589, 22. 17 3, 11 jurejurando 43, 20. 64, Juvabantur 254, 5
{93, 4 320, 28. judicia 42, 25. 173, 2.,84 17. 98,7. 142, juvabat 244 11
zominat. 228, 21 13 3, 7 juvandos 56, 24
[0111 12, 7. 17, 25. jud-'cibus 90, 2 jurgantium 156, 28 juvante 87, 3
J0,7. 62,7. 70, 3. *udi-tc 20 17,19.38,1..4 jurg· ret 91, 32 juvarentur 164, 1
3, 9. 150‚31. 184, 116,1.127,10. 261, jurgari 185,11 juvaret 254, 8
3, 6. 794 9. 3 75 4 3019129414 juva tetu1266, 11. 299,
-010 39, 9. 53, 19. judicisss3, 18 4019101088, 22 25
706,14. 109, 4 judicium 16,13. 17, juris 87, 2. 90, 18301011ιο 279, 6
eris 65, 7. 123, 7. 1. 31, 6. 32 14. 167, 8. 236,5 .258, juven-2 m 4,0 7. 70, 6.
''J-05⁹ 3 ’ 40,9. 5525· 64,1<0. 4. 269,7. 280, 12. 130 ., 5. 151, 4

3ονοο ⁷

