INDEX VEREORUM.

5393, 3, 7. 327, 30 homine 200, 8. 269, horreis 254, 10 294, 19. 296, 1
mules 24, 5, 12. 11 Δ 1101101001 222, 6 hostms 99, 19. 100, 2.
,1.*1251ᾔξέῑ ἒξ, ἓξὲξὲἰῗ,ἷ5ἕ,’ 9¹? ἷίἕῖἒᾲῖἒῶἔῖᾈῗε 223: .ἶ1ῗ’,ἶ.ἶ,ῗ ξ9·
⁸⁷9¹· 154, 25, 154, 18, 35, 12, 2, 4, hortamenta 45, 26 hostibus 13, 5,13. 17.
³5. 328, 3 167, 7, 170, 3, 16, hortandas 103, 19 20.22,18. 24,8. 25,
>meniis 98, 20. 119, 221, 21. 224, 11. hortante 204, 3. 217, 5,19.29,14. 36,27.
119. 140, 17. 160, 280, 20. 327, 21 2 39,4

.;. 167, 4. 168, 5. homini 73, 4. 288, ς hortantibus 328, 13 hostiis 178, 18

170, 22. 177, 2. hominibuszo,8.35,11. hortarentur 139, 9 hostile 24, 7. 71, 16.
328, 7 , 137, 7. 205‚20‚22‚ hortari 103, 10. 233, 106, 22. 183, 13.
==rcy11ides 66, 5 215, 20. 330, 20. 20 188,22. 264,Ιὸ
⁴scynione 67, 2 324, 17. 325, 3 hortati sunt 169, 1 hostilem 99,27. 1¹09,
oum 100, 3 hominis 95, 18. 218, hortator 289, 1 14

,emi 10, ς 20. 159, 10, 272, hortatores 182, 7 hostiles 42, 5. 68, 6.>
zerno 10,6. 207, 13 λ 15 hortatur 9, 21. 17, 20. 306, 2

-129, 9. 156, 25. hominum 15, 18. 17, 24, 16. 33,21. 34, hostili 115, 19. 127,
158, 5, his. 193, 10. 19, 17. 21, 2. 9. 36,23. 39,8. 66, 32. 136,2. 150,10.
13, 24· 193> 14· 22, 3· 25, 20- 27, 15· 107³ 23·- 115, 18824· 205‚4· 175,
0⁸9924· 300,2.302,8 7. 29, 11 29. 183, 28. 214, 14

   
  
 
   
   
 
 
    
   
   
    
   
   
   
   
  
    
   
    
  
  
  
   

ensanas 121, 14 honesta, amplum 185, 13. 224, 1 hostilibus 77, 8. 188,
11118 169, 13 18 hortatus est 89, 19. 2

. pronomen, 4, 3, henestae 85, '‘35- 191, 96, 12. fuerat 97, hostssis 85,8

, 16 11 14 hostiliter 82, 21. 139,
’ adv. 49, 20. honest-⁸5, adv. 94, 12. hortetur 239, 11 11. 181, 21

06, 6 153, 10. 178, 22 hostes 104, 21. 272, hostis 73, 8, 97, 19,
ax 218, 19 honestior 93, 10 16 106, 26. 107, 27-
v·o 199, 8 honestiorem 154, 25. horum 23, 6. 51, 2. 121,9.127,29. 135,
*roclyto 199, 12 187, 4. 214, 18 89, 22. 152, 9, 12. 4138, 5

11013 51, 14 - honest-iffimis 156, 8 196, 10 hostium 13, 3. 28, 9,
, 31, 4. 42, 5. 45, 1100εᾶ10334, 13.146, hos 53, 11, 123, 20. 10. 29, 20. 30, 32.
ῗ5* 43> ῙῙ· 50, 2, 25. 159> 7 140, 17, 13· 173, 33> 21

,,, 4 honestum 145,8. 262, 6. 174, 19. 282, hujuscemodi 227, 8
&itu 17, 19 6 14. 300, 18 humana 127, 15
mitum 16, 16, 24 honoratiorem 43, 16 hospitaliter 82, 24 humanae 37, 14, 153,
*pias 30, 9, 16. 31, 1100010111ὶίωο111 285, hospite 320, 11 19.. 199, 4, 16

13 7 hospitem 264, 11 humanam 58,20. 127,
1101001103 63, 11 0001011115 58, 18 hospites 320, 8 12

,01710 24, 10 honoratum ducatu 91, hospitibus 168, 27 humanas 172, 19
Ι9017111111 24, 12 1⁴³.- hospitii 76, 13. 321, humani 66, 1. 167, 8.

*auium 267,1.300, honoratus 95, 2 4 269, 7
honore 146, 4 hospitum 76, 15 humanis 58, 16
¹ani 329, 1, 8 honorem 27,10.43,14. hoste 22,23.34,11.70, humanitate 166, 3
»ania 323, 1 120,8. 168,9. 229, 26. 94,26. 106,19, humanitatis 106, 16
“ 'aniae 226,15.32ς, 3. 261, 5. 303, 24. 25. 109,15. 120,6. humano 13,24
1. 327, 26. 328, 308, 14 134, 17 humanorum 308, 3
,Ἰ 9 honores 43, 9. 73, 1. hostem 12,19. 25¹, 10· humanum 158, 1, 180
aniam 234, 6. 140, 18. 308, 11 31,2. 36,20.47,19, 207, 22
12, 4. 323, 3. hono-ribus 58, 17, 21 61, 3. 66, 15. 88, humatos 101, 1
4, 14. 328, 8. 110001-1οεὲ224, 3 30 humeris 251, 7
119, 4, 6 honoris 147, 5. 164, hostes 10, 14, 13, 18. humi 223, 22 ,
*amarum 125,’1 14. 316, 12 25,12. 31,ΙΙ·37,6, humiles 271, 7
ζ1111111111312, 15 honorum 113, 11 7.47,6. 16,25. 52, humili 149, 19. 187,
,nis 239, 7. 321, honos 167, 5 16,22.61,10. 70,2, 2. 193, 2
4. 329, 7 horam 16, 22 his. 72, 22 humiliorem 219,“9
sano 323, 3. histo· horarum 38, 12. 276, hosti 29, 28. 69, 22· humillima acc.plu.v.3<3„
ιε 289, 7 2 108,3. 140,3.“146, 5, 4
nmis 10, 7 hoxis 38, 11 21. 189,4. 252,23. 1111101111ωο 20, 15

r B b 2. hta«

